<<<<<<< HEAD
7.096883404395796902e+01
7.098338127509607887e+01
7.099792850623420293e+01
7.101247573737231278e+01
7.102702296851042263e+01
7.104157019964854669e+01
7.105611743078665654e+01
7.107066466192476639e+01
7.108521189306289045e+01
7.109975912420100030e+01
7.111430635533911016e+01
7.112885358647723422e+01
7.114340081761534407e+01
7.115794804875345392e+01
7.117249527989157798e+01
7.118704251102968783e+01
7.120158974216779768e+01
7.121613697330592174e+01
7.123068420444403159e+01
7.124523143558214144e+01
7.125977866672026551e+01
7.127432589785837536e+01
7.128887312899648521e+01
7.130342036013460927e+01
7.131796759127271912e+01
7.133251482241082897e+01
7.134706205354895303e+01
7.136160928468706288e+01
7.137615651582517273e+01
7.139070374696329679e+01
7.140525097810140664e+01
7.141979820923951650e+01
7.143434544037764056e+01
7.144889267151575041e+01
7.146343990265386026e+01
7.147798713379198432e+01
7.149253436493009417e+01
7.150708159606820402e+01
7.152162882720632808e+01
7.153617605834443793e+01
7.155072328948254778e+01
7.156527052062067185e+01
7.157981775175878170e+01
7.159436498289689155e+01
7.160891221403501561e+01
7.162345944517312546e+01
7.163800667631123531e+01
7.165255390744935937e+01
7.166710113858746922e+01
7.168164836972557907e+01
7.169619560086370313e+01
7.171074283200181299e+01
7.172529006313992284e+01
7.173983729427804690e+01
7.175438452541615675e+01
7.176893175655426660e+01
7.178347898769239066e+01
7.179802621883050051e+01
7.181257344996861036e+01
7.182712068110673442e+01
7.184166791224484427e+01
7.185621514338295412e+01
7.187076237452107819e+01
7.188530960565918804e+01
7.189985683679729789e+01
7.191440406793540774e+01
7.192895129907353180e+01
7.194349853021164165e+01
7.195804576134975150e+01
7.197259299248787556e+01
7.198714022362598541e+01
7.200168745476409526e+01
7.201623468590221933e+01
7.203078191704032918e+01
7.204532914817843903e+01
7.205987637931656309e+01
7.207442361045467294e+01
7.208897084159278279e+01
7.210351807273090685e+01
7.211806530386901670e+01
7.213261253500712655e+01
7.214715976614525061e+01
7.216170699728336047e+01
7.217625422842147032e+01
7.219080145955959438e+01
7.220534869069770423e+01
7.221989592183581408e+01
7.223444315297393814e+01
7.224899038411204799e+01
7.226353761525015784e+01
7.227808484638828190e+01
7.229263207752639175e+01
7.230717930866450160e+01
7.232172653980262567e+01
7.233627377094073552e+01
7.235082100207884537e+01
7.236536823321696943e+01
7.237991546435507928e+01
7.239446269549318913e+01
7.240900992663131319e+01
7.242355715776942304e+01
7.243810438890753289e+01
7.245265162004565695e+01
7.246719885118376681e+01
7.248174608232187666e+01
7.249629331346000072e+01
7.251084054459811057e+01
7.252538777573622042e+01
7.253993500687434448e+01
7.255448223801245433e+01
7.256902946915056418e+01
7.258357670028868824e+01
7.259812393142679809e+01
7.261267116256490795e+01
7.262721839370303201e+01
7.264176562484114186e+01
7.265631285597925171e+01
7.267086008711737577e+01
7.268540731825548562e+01
7.269995454939359547e+01
7.271450178053171953e+01
7.272904901166982938e+01
7.274359624280793923e+01
7.275814347394606330e+01
7.277269070508417315e+01
7.278723793622228300e+01
7.280178516736040706e+01
7.281633239849851691e+01
7.283087962963662676e+01
7.284542686077475082e+01
7.285997409191286067e+01
7.287452132305097052e+01
7.288906855418909458e+01
7.290361578532720443e+01
7.291816301646531429e+01
7.293271024760343835e+01
7.294725747874154820e+01
7.296180470987965805e+01
7.297635194101778211e+01
7.299089917215589196e+01
7.300544640329400181e+01
7.301999363443212587e+01
7.303454086557023572e+01
7.304908809670834557e+01
7.306363532784646964e+01
7.307818255898457949e+01
7.309272979012268934e+01
7.310727702126081340e+01
7.312182425239892325e+01
7.313637148353703310e+01
7.315091871467515716e+01
7.316546594581326701e+01
7.318001317695137686e+01
7.319456040808950092e+01
7.320910763922761078e+01
7.322365487036572063e+01
7.323820210150384469e+01
7.325274933264195454e+01
7.326729656378006439e+01
7.328184379491818845e+01
7.329639102605629830e+01
7.331093825719440815e+01
7.332548548833253221e+01
7.334003271947064206e+01
7.335457995060875191e+01
7.336912718174687598e+01
7.338367441288498583e+01
7.339822164402309568e+01
7.341276887516121974e+01
7.342731610629932959e+01
7.344186333743743944e+01
7.345641056857556350e+01
7.347095779971367335e+01
7.348550503085178320e+01
7.350005226198990727e+01
7.351459949312801712e+01
7.352914672426612697e+01
7.354369395540425103e+01
7.355824118654236088e+01
7.357278841768047073e+01
7.358733564881859479e+01
7.360188287995670464e+01
7.361643011109481449e+01
7.363097734223293855e+01
7.364552457337104840e+01
7.366007180450915826e+01
7.367461903564728232e+01
7.368916626678539217e+01
7.370371349792350202e+01
7.371826072906162608e+01
7.373280796019973593e+01
7.374735519133784578e+01
7.376190242247596984e+01
7.377644965361407969e+01
7.379099688475218954e+01
7.380554411589031361e+01
7.382009134702842346e+01
7.383463857816653331e+01
7.384918580930465737e+01
7.386373304044276722e+01
7.387828027158087707e+01
7.389282750271900113e+01
7.390737473385711098e+01
7.392192196499522083e+01
7.393646919613334489e+01
7.395101642727145475e+01
7.396556365840956460e+01
7.398011088954767445e+01
7.399465812068579851e+01
7.400920535182390836e+01
7.402375258296201821e+01
7.403829981410014227e+01
7.405284704523825212e+01
7.406739427637636197e+01
7.408194150751448603e+01
7.409648873865259588e+01
7.411103596979070574e+01
7.412558320092882980e+01
7.414013043206693965e+01
7.415467766320504950e+01
7.416922489434317356e+01
7.418377212548128341e+01
7.419831935661939326e+01
7.421286658775751732e+01
7.422741381889562717e+01
7.424196105003373702e+01
7.425650828117186109e+01
7.427105551230997094e+01
7.428560274344808079e+01
7.430014997458620485e+01
7.431469720572431470e+01
7.432924443686242455e+01
7.434379166800054861e+01
7.435833889913865846e+01
7.437288613027676831e+01
7.438743336141489237e+01
7.440198059255300223e+01
7.441652782369111208e+01
7.443107505482923614e+01
7.444562228596734599e+01
7.446016951710545584e+01
7.447471674824357990e+01
7.448926397938168975e+01
7.450381121051979960e+01
7.451835844165792366e+01
7.453290567279603351e+01
7.454745290393414336e+01
7.456200013507226743e+01
7.457654736621037728e+01
7.459109459734848713e+01
7.460564182848661119e+01
7.462018905962472104e+01
7.463473629076283089e+01
7.464928352190095495e+01
7.466383075303906480e+01
7.467837798417717465e+01
7.469292521531529871e+01
7.470747244645340857e+01
7.472201967759151842e+01
7.473656690872964248e+01
7.475111413986775233e+01
7.476566137100586218e+01
7.478020860214398624e+01
7.479475583328209609e+01
7.480930306442020594e+01
7.482385029555833000e+01
7.483839752669643985e+01
7.485294475783454970e+01
7.486749198897267377e+01
7.488203922011078362e+01
7.489658645124889347e+01
7.491113368238701753e+01
7.492568091352512738e+01
7.494022814466323723e+01
7.495477537580136129e+01
7.496932260693947114e+01
7.498386983807758099e+01
7.499841706921570506e+01
7.501296430035381491e+01
7.502751153149192476e+01
7.504205876263004882e+01
7.505660599376815867e+01
7.507115322490626852e+01
7.508570045604439258e+01
7.510024768718250243e+01
7.511479491832061228e+01
7.512934214945873634e+01
7.514388938059684619e+01
7.515843661173495605e+01
7.517298384287308011e+01
7.518753107401118996e+01
7.520207830514929981e+01
7.521662553628742387e+01
7.523117276742553372e+01
7.524571999856364357e+01
7.526026722970176763e+01
7.527481446083987748e+01
7.528936169197798733e+01
7.530390892311611140e+01
7.531845615425422125e+01
7.533300338539233110e+01
7.534755061653045516e+01
7.536209784766856501e+01
7.537664507880667486e+01
7.539119230994479892e+01
7.540573954108290877e+01
7.542028677222101862e+01
7.543483400335914268e+01
7.544938123449725254e+01
7.546392846563536239e+01
7.547847569677348645e+01
7.549302292791159630e+01
7.550757015904970615e+01
7.552211739018783021e+01
7.553666462132594006e+01
7.555121185246404991e+01
7.556575908360217397e+01
7.558030631474028382e+01
7.559485354587839367e+01
7.560940077701650353e+01
7.562394800815462759e+01
7.563849523929273744e+01
7.565304247043084729e+01
7.566758970156897135e+01
7.568213693270708120e+01
7.569668416384519105e+01
7.571123139498331511e+01
7.572577862612142496e+01
7.574032585725953481e+01
7.575487308839765888e+01
7.576942031953576873e+01
7.578396755067387858e+01
7.579851478181200264e+01
7.581306201295011249e+01
7.582760924408822234e+01
7.584215647522634640e+01
7.585670370636445625e+01
7.587125093750256610e+01
7.588579816864069016e+01
7.590034539977880002e+01
7.591489263091690987e+01
7.592943986205503393e+01
7.594398709319314378e+01
7.595853432433125363e+01
7.597308155546937769e+01
7.598762878660748754e+01
7.600217601774559739e+01
7.601672324888372145e+01
7.603127048002183130e+01
7.604581771115994115e+01
7.606036494229806522e+01
7.607491217343617507e+01
7.608945940457428492e+01
7.610400663571240898e+01
7.611855386685051883e+01
7.613310109798862868e+01
7.614764832912675274e+01
7.616219556026486259e+01
7.617674279140297244e+01
7.619129002254109650e+01
7.620583725367920636e+01
7.622038448481731621e+01
7.623493171595544027e+01
7.624947894709355012e+01
7.626402617823165997e+01
7.627857340936978403e+01
7.629312064050789388e+01
7.630766787164600373e+01
7.632221510278412779e+01
7.633676233392223764e+01
7.635130956506034750e+01
7.636585679619847156e+01
7.638040402733658141e+01
7.639495125847469126e+01
7.640949848961281532e+01
7.642404572075092517e+01
7.643859295188903502e+01
7.645314018302715908e+01
7.646768741416526893e+01
7.648223464530337878e+01
7.649678187644150285e+01
7.651132910757961270e+01
7.652587633871772255e+01
7.654042356985584661e+01
7.655497080099395646e+01
7.656951803213206631e+01
7.658406526327019037e+01
7.659861249440830022e+01
7.661315972554641007e+01
7.662770695668453413e+01
7.664225418782264398e+01
7.665680141896075384e+01
7.667134865009887790e+01
7.668589588123698775e+01
7.670044311237509760e+01
7.671499034351322166e+01
7.672953757465133151e+01
7.674408480578944136e+01
7.675863203692756542e+01
7.677317926806567527e+01
7.678772649920378512e+01
7.680227373034190919e+01
7.681682096148001904e+01
7.683136819261812889e+01
7.684591542375625295e+01
7.686046265489436280e+01
7.687500988603247265e+01
7.688955711717059671e+01
7.690410434830870656e+01
7.691865157944681641e+01
7.693319881058494047e+01
7.694774604172305033e+01
7.696229327286116018e+01
7.697684050399928424e+01
7.699138773513739409e+01
7.700593496627550394e+01
7.702048219741362800e+01
7.703502942855173785e+01
7.704957665968984770e+01
7.706412389082797176e+01
7.707867112196608161e+01
7.709321835310419146e+01
7.710776558424231553e+01
7.712231281538042538e+01
7.713686004651853523e+01
7.715140727765665929e+01
7.716595450879476914e+01
7.718050173993287899e+01
7.719504897107100305e+01
7.720959620220911290e+01
7.722414343334722275e+01
7.723869066448534682e+01
7.725323789562345667e+01
7.726778512676156652e+01
7.728233235789969058e+01
7.729687958903780043e+01
7.731142682017591028e+01
7.732597405131403434e+01
7.734052128245214419e+01
7.735506851359025404e+01
7.736961574472837810e+01
7.738416297586648795e+01
7.739871020700459781e+01
7.741325743814272187e+01
7.742780466928083172e+01
7.744235190041894157e+01
7.745689913155706563e+01
7.747144636269517548e+01
7.748599359383328533e+01
7.750054082497140939e+01
7.751508805610951924e+01
7.752963528724762909e+01
7.754418251838575316e+01
7.755872974952386301e+01
7.757327698066197286e+01
7.758782421180009692e+01
7.760237144293820677e+01
7.761691867407631662e+01
7.763146590521444068e+01
7.764601313635255053e+01
7.766056036749066038e+01
7.767510759862878444e+01
7.768965482976689430e+01
7.770420206090500415e+01
7.771874929204312821e+01
7.773329652318123806e+01
7.774784375431934791e+01
7.776239098545747197e+01
7.777693821659558182e+01
7.779148544773369167e+01
7.780603267887181573e+01
7.782057991000992558e+01
7.783512714114803543e+01
7.784967437228615950e+01
7.786422160342426935e+01
7.787876883456237920e+01
7.789331606570048905e+01
7.790786329683861311e+01
7.792241052797672296e+01
7.793695775911483281e+01
7.795150499025295687e+01
7.796605222139106672e+01
7.798059945252917657e+01
7.799514668366730064e+01
7.800969391480541049e+01
7.802424114594352034e+01
7.803878837708164440e+01
7.805333560821975425e+01
7.806788283935786410e+01
7.808243007049598816e+01
7.809697730163409801e+01
7.811152453277220786e+01
7.812607176391033192e+01
7.814061899504844177e+01
7.815516622618655163e+01
7.816971345732467569e+01
7.818426068846278554e+01
7.819880791960089539e+01
7.821335515073901945e+01
7.822790238187712930e+01
7.824244961301523915e+01
7.825699684415336321e+01
7.827154407529147306e+01
7.828609130642958291e+01
7.830063853756770698e+01
7.831518576870581683e+01
7.832973299984392668e+01
7.834428023098205074e+01
7.835882746212016059e+01
7.837337469325827044e+01
7.838792192439639450e+01
7.840246915553450435e+01
7.841701638667261420e+01
7.843156361781073826e+01
7.844611084894884812e+01
7.846065808008695797e+01
7.847520531122508203e+01
7.848975254236319188e+01
7.850429977350130173e+01
7.851884700463942579e+01
7.853339423577753564e+01
7.854794146691564549e+01
7.856248869805376955e+01
7.857703592919187940e+01
7.859158316032998925e+01
7.860613039146811332e+01
7.862067762260622317e+01
7.863522485374433302e+01
7.864977208488245708e+01
7.866431931602056693e+01
7.867886654715867678e+01
7.869341377829680084e+01
7.870796100943491069e+01
7.872250824057302054e+01
7.873705547171114461e+01
7.875160270284925446e+01
7.876614993398736431e+01
7.878069716512548837e+01
7.879524439626359822e+01
7.880979162740170807e+01
7.882433885853983213e+01
7.883888608967794198e+01
7.885343332081605183e+01
7.886798055195417589e+01
7.888252778309228574e+01
7.889707501423039560e+01
7.891162224536851966e+01
7.892616947650662951e+01
7.894071670764473936e+01
7.895526393878286342e+01
7.896981116992097327e+01
7.898435840105908312e+01
7.899890563219720718e+01
7.901345286333531703e+01
7.902800009447342688e+01
7.904254732561155095e+01
7.905709455674966080e+01
7.907164178788777065e+01
7.908618901902589471e+01
7.910073625016400456e+01
7.911528348130211441e+01
7.912983071244023847e+01
7.914437794357834832e+01
7.915892517471645817e+01
7.917347240585458223e+01
7.918801963699269209e+01
7.920256686813080194e+01
7.921711409926892600e+01
7.923166133040703585e+01
7.924620856154514570e+01
7.926075579268325555e+01
7.927530302382137961e+01
7.928985025495948946e+01
7.930439748609759931e+01
7.931894471723572337e+01
7.933349194837383322e+01
7.934803917951194308e+01
7.936258641065006714e+01
7.937713364178817699e+01
7.939168087292628684e+01
7.940622810406441090e+01
7.942077533520252075e+01
7.943532256634063060e+01
7.944986979747875466e+01
7.946441702861686451e+01
7.947896425975497436e+01
7.949351149089309843e+01
7.950805872203120828e+01
7.952260595316931813e+01
7.953715318430744219e+01
7.955170041544555204e+01
7.956624764658366189e+01
7.958079487772178595e+01
7.959534210885989580e+01
7.960988933999800565e+01
7.962443657113612971e+01
7.963898380227423957e+01
7.965353103341234942e+01
7.966807826455047348e+01
7.968262549568858333e+01
7.969717272682669318e+01
7.971171995796481724e+01
7.972626718910292709e+01
7.974081442024103694e+01
7.975536165137916100e+01
7.976990888251727085e+01
7.978445611365538070e+01
7.979900334479350477e+01
7.981355057593161462e+01
7.982809780706972447e+01
7.984264503820784853e+01
7.985719226934595838e+01
7.987173950048406823e+01
7.988628673162219229e+01
7.990083396276030214e+01
7.991538119389841199e+01
7.992992842503653605e+01
7.994447565617464591e+01
7.995902288731275576e+01
7.997357011845087982e+01
7.998811734958898967e+01
8.000266458072709952e+01
8.001721181186522358e+01
8.003175904300333343e+01
8.004630627414144328e+01
8.006085350527956734e+01
8.007540073641767719e+01
8.008994796755578705e+01
8.010449519869391111e+01
8.011904242983202096e+01
8.013358966097013081e+01
8.014813689210825487e+01
8.016268412324636472e+01
8.017723135438447457e+01
8.019177858552259863e+01
8.020632581666070848e+01
8.022087304779881833e+01
8.023542027893694240e+01
8.024996751007505225e+01
8.026451474121316210e+01
8.027906197235128616e+01
8.029360920348939601e+01
8.030815643462750586e+01
8.032270366576562992e+01
8.033725089690373977e+01
8.035179812804184962e+01
8.036634535917997368e+01
8.038089259031808353e+01
8.039543982145619339e+01
8.040998705259431745e+01
8.042453428373242730e+01
8.043908151487053715e+01
8.045362874600866121e+01
8.046817597714677106e+01
8.048272320828488091e+01
8.049727043942300497e+01
8.051181767056111482e+01
8.052636490169922467e+01
8.054091213283734874e+01
8.055545936397545859e+01
8.057000659511356844e+01
8.058455382625169250e+01
8.059910105738980235e+01
8.061364828852791220e+01
8.062819551966603626e+01
8.064274275080414611e+01
8.065728998194225596e+01
8.067183721308038002e+01
8.068638444421848988e+01
8.070093167535659973e+01
8.071547890649472379e+01
8.073002613763283364e+01
8.074457336877094349e+01
8.075912059990906755e+01
8.077366783104717740e+01
8.078821506218528725e+01
8.080276229332341131e+01
8.081730952446152116e+01
8.083185675559963101e+01
8.084640398673775508e+01
8.086095121787586493e+01
8.087549844901397478e+01
8.089004568015209884e+01
8.090459291129020869e+01
8.091914014242831854e+01
8.093368737356644260e+01
8.094823460470455245e+01
8.096278183584266230e+01
8.097732906698078637e+01
8.099187629811889622e+01
8.100642352925700607e+01
8.102097076039513013e+01
8.103551799153323998e+01
8.105006522267134983e+01
8.106461245380947389e+01
8.107915968494758374e+01
8.109370691608569359e+01
8.110825414722381765e+01
8.112280137836192750e+01
8.113734860950003736e+01
8.115189584063816142e+01
8.116644307177627127e+01
8.118099030291438112e+01
8.119553753405250518e+01
8.121008476519061503e+01
8.122463199632872488e+01
8.123917922746684894e+01
8.125372645860495879e+01
8.126827368974306864e+01
8.128282092088119271e+01
8.129736815201930256e+01
8.131191538315741241e+01
8.132646261429553647e+01
8.134100984543364632e+01
8.135555707657175617e+01
8.137010430770988023e+01
8.138465153884799008e+01
8.139919876998609993e+01
8.141374600112422399e+01
8.142829323226233385e+01
8.144284046340044370e+01
8.145738769453856776e+01
8.147193492567667761e+01
8.148648215681478746e+01
8.150102938795291152e+01
8.151557661909102137e+01
8.153012385022913122e+01
8.154467108136725528e+01
8.155921831250536513e+01
8.157376554364347498e+01
8.158831277478159905e+01
8.160286000591970890e+01
8.161740723705781875e+01
8.163195446819594281e+01
8.164650169933405266e+01
8.166104893047216251e+01
8.167559616161028657e+01
8.169014339274839642e+01
8.170469062388650627e+01
8.171923785502463033e+01
8.173378508616274019e+01
8.174833231730085004e+01
8.176287954843897410e+01
8.177742677957708395e+01
8.179197401071519380e+01
8.180652124185331786e+01
8.182106847299142771e+01
8.183561570412953756e+01
8.185016293526766162e+01
8.186471016640577147e+01
8.187925739754388132e+01
8.189380462868200539e+01
8.190835185982011524e+01
8.192289909095822509e+01
8.193744632209633494e+01
8.195199355323445900e+01
8.196654078437256885e+01
8.198108801551067870e+01
8.199563524664880276e+01
8.201018247778691261e+01
8.202472970892502246e+01
8.203927694006314653e+01
8.205382417120125638e+01
8.206837140233936623e+01
8.208291863347749029e+01
8.209746586461560014e+01
8.211201309575370999e+01
8.212656032689183405e+01
8.214110755802994390e+01
8.215565478916805375e+01
8.217020202030617781e+01
8.218474925144428767e+01
8.219929648258239752e+01
8.221384371372052158e+01
8.222839094485863143e+01
8.224293817599674128e+01
8.225748540713486534e+01
8.227203263827297519e+01
8.228657986941108504e+01
8.230112710054920910e+01
8.231567433168731895e+01
8.233022156282542880e+01
8.234476879396355287e+01
8.235931602510166272e+01
8.237386325623977257e+01
8.238841048737789663e+01
8.240295771851600648e+01
8.241750494965411633e+01
8.243205218079224039e+01
8.244659941193035024e+01
8.246114664306846009e+01
8.247569387420658416e+01
8.249024110534469401e+01
8.250478833648280386e+01
8.251933556762092792e+01
8.253388279875903777e+01
8.254843002989714762e+01
8.256297726103527168e+01
8.257752449217338153e+01
8.259207172331149138e+01
8.260661895444961544e+01
8.262116618558772529e+01
8.263571341672583515e+01
8.265026064786395921e+01
8.266480787900206906e+01
8.267935511014017891e+01
8.269390234127830297e+01
8.270844957241641282e+01
8.272299680355452267e+01
8.273754403469264673e+01
8.275209126583075658e+01
8.276663849696886643e+01
8.278118572810699050e+01
8.279573295924510035e+01
8.281028019038321020e+01
8.282482742152133426e+01
8.283937465265944411e+01
8.285392188379755396e+01
8.286846911493567802e+01
8.288301634607378787e+01
8.289756357721189772e+01
8.291211080835002178e+01
8.292665803948813164e+01
8.294120527062624149e+01
8.295575250176436555e+01
8.297029973290247540e+01
8.298484696404058525e+01
8.299939419517870931e+01
8.301394142631681916e+01
8.302848865745492901e+01
8.304303588859305307e+01
8.305758311973116292e+01
8.307213035086927277e+01
8.308667758200739684e+01
8.310122481314550669e+01
8.311577204428361654e+01
8.313031927542172639e+01
8.314486650655985045e+01
8.315941373769796030e+01
8.317396096883607015e+01
8.318850819997419421e+01
8.320305543111230406e+01
8.321760266225041391e+01
8.323214989338853798e+01
8.324669712452664783e+01
8.326124435566475768e+01
8.327579158680288174e+01
8.329033881794099159e+01
8.330488604907910144e+01
8.331943328021722550e+01
8.333398051135533535e+01
8.334852774249344520e+01
8.336307497363156926e+01
8.337762220476967912e+01
8.339216943590778897e+01
8.340671666704591303e+01
8.342126389818402288e+01
8.343581112932213273e+01
8.345035836046025679e+01
8.346490559159836664e+01
8.347945282273647649e+01
8.349400005387460055e+01
8.350854728501271040e+01
8.352309451615082025e+01
8.353764174728894432e+01
8.355218897842705417e+01
8.356673620956516402e+01
8.358128344070328808e+01
8.359583067184139793e+01
8.361037790297950778e+01
8.362492513411763184e+01
8.363947236525574169e+01
8.365401959639385154e+01
8.366856682753197560e+01
8.368311405867008546e+01
8.369766128980819531e+01
8.371220852094631937e+01
8.372675575208442922e+01
8.374130298322253907e+01
8.375585021436066313e+01
8.377039744549877298e+01
8.378494467663688283e+01
8.379949190777500689e+01
8.381403913891311674e+01
8.382858637005122660e+01
8.384313360118935066e+01
8.385768083232746051e+01
8.387222806346557036e+01
8.388677529460369442e+01
8.390132252574180427e+01
8.391586975687991412e+01
8.393041698801803818e+01
8.394496421915614803e+01
8.395951145029425788e+01
8.397405868143238195e+01
8.398860591257049180e+01
8.400315314370860165e+01
8.401770037484672571e+01
8.403224760598483556e+01
8.404679483712294541e+01
8.406134206826106947e+01
8.407588929939917932e+01
8.409043653053728917e+01
8.410498376167541323e+01
8.411953099281352308e+01
8.413407822395163294e+01
8.414862545508975700e+01
8.416317268622786685e+01
8.417771991736597670e+01
8.419226714850410076e+01
8.420681437964221061e+01
8.422136161078032046e+01
8.423590884191844452e+01
8.425045607305655437e+01
8.426500330419466422e+01
8.427955053533278829e+01
8.429409776647089814e+01
8.430864499760900799e+01
8.432319222874713205e+01
8.433773945988524190e+01
8.435228669102335175e+01
8.436683392216147581e+01
8.438138115329958566e+01
8.439592838443769551e+01
8.441047561557581957e+01
8.442502284671392943e+01
8.443957007785203928e+01
8.445411730899016334e+01
8.446866454012827319e+01
8.448321177126638304e+01
8.449775900240450710e+01
8.451230623354261695e+01
8.452685346468072680e+01
8.454140069581885086e+01
8.455594792695696071e+01
8.457049515809507056e+01
8.458504238923319463e+01
8.459958962037130448e+01
8.461413685150941433e+01
8.462868408264753839e+01
8.464323131378564824e+01
8.465777854492375809e+01
8.467232577606188215e+01
8.468687300719999200e+01
8.470142023833810185e+01
8.471596746947622592e+01
8.473051470061433577e+01
8.474506193175244562e+01
8.475960916289056968e+01
8.477415639402867953e+01
8.478870362516678938e+01
8.480325085630491344e+01
8.481779808744302329e+01
8.483234531858113314e+01
8.484689254971925720e+01
8.486143978085736705e+01
8.487598701199547691e+01
8.489053424313360097e+01
8.490508147427171082e+01
8.491962870540982067e+01
8.493417593654794473e+01
8.494872316768605458e+01
8.496327039882416443e+01
8.497781762996228849e+01
8.499236486110039834e+01
8.500691209223850819e+01
8.502145932337663226e+01
8.503600655451474211e+01
8.505055378565285196e+01
8.506510101679097602e+01
8.507964824792908587e+01
8.509419547906719572e+01
8.510874271020531978e+01
8.512328994134342963e+01
8.513783717248153948e+01
8.515238440361966354e+01
8.516693163475777339e+01
8.518147886589588325e+01
8.519602609703400731e+01
8.521057332817211716e+01
8.522512055931022701e+01
8.523966779044835107e+01
8.525421502158646092e+01
8.526876225272457077e+01
8.528330948386269483e+01
8.529785671500080468e+01
8.531240394613891453e+01
8.532695117727703860e+01
8.534149840841514845e+01
8.535604563955325830e+01
8.537059287069138236e+01
8.538514010182949221e+01
8.539968733296760206e+01
8.541423456410572612e+01
8.542878179524383597e+01
8.544332902638194582e+01
8.545787625752006988e+01
8.547242348865817974e+01
8.548697071979628959e+01
8.550151795093441365e+01
8.551606518207252350e+01
=======
6.241136363636364592e+01
6.019872727272728241e+01
5.798609090909091890e+01
5.577345454545455539e+01
5.356081818181818477e+01
5.134818181818182126e+01
4.913554545454545774e+01
4.692290909090909423e+01
4.471027272727272361e+01
4.249763636363636010e+01
4.028499999999999659e+01
>>>>>>> 67ead2caeb7ab675f994328e1e0462b24266a7b3
