2.079427991719323927e+02
3.506089729530198724e+02
3.370095115322034758e+02
3.337654003903817284e+02
3.621517424091861130e+02
1.470584519070573606e+02
4.976726967272971791e+01
2.921138088035384612e+02
1.886084966433658110e+02
1.736409925860421879e+02
1.411604058418105581e+02
2.449941891541779455e+02
1.484837647167714749e+02
2.245865865421273497e+02
2.755748253896427968e+02
1.329618720582124070e+02
3.402707721277974429e+02
4.960214268927926895e+01
3.049780311386344351e+02
2.671574813296170419e+02
1.293724141961618557e+02
3.170998295149425417e+02
1.684223543606653664e+02
1.940956641288823050e+02
4.960475797638638085e+01
2.748769711813881713e+02
2.294154720235465277e+02
1.544597457308391881e+02
1.451495686313957947e+02
2.994336269066677119e+02
1.488667343064368822e+02
2.080301718595125067e+02
2.429493964015536562e+02
2.599253936820308581e+02
1.918853191450482711e+02
1.816212170427875492e+02
2.141689060027827054e+02
1.872011381637583156e+02
1.457644529270540943e+02
2.457509156308631759e+02
3.165868030551013703e+02
2.878774864125708746e+02
2.809265266053179744e+02
9.521671320947244510e+01
1.894530921165269888e+02
3.473008566958217216e+02
1.421672873052385739e+02
2.356655519067741409e+02
2.818987668765399803e+02
4.933596779272138377e+01
3.013845023284741842e+02
2.333686539922271379e+02
3.081236416206618856e+02
3.163079838675574820e+02
1.551775980989976915e+02
2.702979821968286274e+02
2.929279405565889078e+02
2.804686454215562321e+02
3.574050908689937955e+02
2.801856778554000584e+02
2.047250288368838369e+02
4.977709896864676153e+01
3.124572552121110789e+02
3.035269193903102405e+02
1.509176535583979160e+02
2.537218956515552009e+02
2.350114317904588006e+02
1.422811845183264836e+02
1.404248542283422410e+02
3.399854909732063106e+02
2.660531907907550817e+02
2.651129355924335869e+02
1.907123773937972544e+02
1.515993095901200718e+02
1.422307518978036569e+02
2.950359764894071759e+02
2.398928039672418890e+02
1.868781659068071690e+02
1.721888166160163394e+02
1.542424451564161814e+02
3.681501709519769747e+02
1.385371610188184661e+02
1.741923121915520483e+02
2.215673359551678629e+02
2.922455104232182634e+02
1.773721199235071140e+02
2.733240077981237164e+02
2.710671048945186499e+02
2.037216632603083895e+02
1.658331950756844435e+02
1.546376700558593598e+02
1.675797431614989819e+02
2.711775842870798670e+02
1.506668592097380781e+02
3.243730243983301875e+02
8.453278265681650794e+01
2.150221890152986646e+02
3.328152962039797558e+02
2.392359261897682643e+02
2.894010475138868514e+02
2.262646470870399469e+02
1.558779459504651186e+02
3.055986419077635219e+02
2.740130052546750221e+02
1.572315483290760199e+02
1.474466384841978766e+02
1.590090723281558098e+02
2.999380780679430814e+02
1.127621875690479669e+02
1.951631574222326435e+02
2.417246692748159376e+02
1.551744765965450199e+02
3.150083068727344084e+02
3.003398617862966375e+02
2.118641231189916709e+02
2.991738109397821859e+02
3.241400219551439932e+02
1.540651136005438673e+02
1.235461738382924182e+02
2.682139735731930159e+02
1.451501737989362653e+02
2.760685889962706483e+02
1.474296813124547043e+02
1.410187093682378929e+02
2.212489435720802362e+02
1.866492023018458895e+02
1.420053917114417459e+02
2.116761075180781120e+02
2.088484576862844904e+02
1.572173676312889938e+02
1.477967313243008505e+02
1.157121445397930870e+02
2.309016859123496204e+02
3.314327242236620350e+02
2.437911714253712319e+02
2.027137695150339027e+02
2.454202462156812601e+02
1.374633153659569587e+02
3.476138849026049797e+02
1.844105194421116209e+02
2.952296486120612258e+02
2.252120697043626478e+02
2.058727334836113982e+02
2.653612605470881931e+02
1.770600453879490601e+02
2.886299778823185989e+02
3.368971636304797812e+02
2.160338720108739778e+02
3.400532148025801575e+02
2.731242860235213357e+02
2.967047145022995096e+02
1.916876986883534926e+02
2.597928595459068219e+02
1.946055537021936743e+02
1.756325073392348770e+02
3.677393643312219069e+02
2.275737311607443303e+02
2.625212951343097529e+02
2.738397396493276688e+02
1.691344344741732755e+02
1.381041067117874093e+02
1.113146119088049772e+02
2.642269476629493852e+02
1.844564286536712814e+02
1.776123788692329981e+02
1.896895751141155699e+02
7.609685447867059338e+01
2.979459000444658727e+02
1.737378010978642635e+02
2.305242618424735781e+02
1.530709074377859622e+02
2.259111248064393749e+02
2.763777483705429177e+02
1.612092930822198298e+02
2.293421009712952525e+02
3.283002367209706449e+02
1.832518397566113890e+02
3.311968084859151418e+02
2.292376587865699094e+02
2.212297522045747087e+02
4.981180123221186307e+01
2.394824320807432514e+02
2.641397262817457658e+02
2.508403938044665438e+02
2.105611802412534246e+02
6.116358975453005797e+01
4.966000102284226614e+01
2.459178755905566902e+02
2.265442691599998852e+02
2.933767361922257351e+02
2.694834459874202253e+02
3.285330097559717046e+02
1.861629283404602688e+02
2.984463200802532015e+02
3.348629676968188846e+02
2.063981076290246790e+02
1.267419866539449487e+02
2.848196329126003548e+02
1.817346935477158354e+02
2.353924984859612834e+02
1.505568597191302729e+02
3.604630394280533210e+02
1.915352719604400704e+02
3.527817115401906563e+02
1.308230093078827565e+02
1.009273398748567274e+02
1.548130791163959543e+02
4.945116669587916647e+01
1.483452862789678193e+02
2.618048653640958037e+02
1.603110293970445923e+02
1.403794509682740852e+02
2.636150381325378476e+02
2.653223585576736809e+02
3.219023579784039271e+02
1.524215980679326776e+02
2.711404897252770070e+02
3.303063058166038672e+02
1.645256822326630299e+02
1.832611506018683372e+02
2.224321464042325545e+02
3.257195363938264450e+02
1.387231974639427960e+02
1.685647773338400839e+02
2.400069258748135610e+02
2.487917683392604999e+02
2.333645473454262174e+02
3.496501028396594961e+02
2.748952235593075670e+02
2.936321734155226864e+02
8.010170242487637893e+01
2.697756661824326443e+02
2.572028030791507263e+02
1.756635503357761365e+02
1.814269278331979649e+02
2.430645414495774901e+02
1.498175459086915566e+02
1.827794747516333302e+02
2.004972996558919647e+02
2.862498258229566090e+02
2.581628523922866520e+02
2.004378673492639678e+02
1.713835398147088540e+02
2.284962124278154931e+02
8.882419959404839460e+01
1.618241294926545493e+02
3.628140216194682353e+02
2.888661004839151474e+02
2.798838610778659017e+02
8.775344325697626857e+01
1.435083643619757368e+02
2.425539088183545005e+02
3.036656835425119993e+02
3.380689235613035066e+02
4.982057581439865146e+01
1.707848910481436917e+02
3.750845527656973672e+02
1.666093313839249106e+02
2.633209426999242169e+02
2.624525515315439748e+02
3.226467593228841793e+02
1.711980651028041791e+02
3.445618895790248075e+02
2.221769879371395575e+02
2.105907883928235265e+02
1.910301353472601988e+02
3.153464842772849579e+02
2.847759526291052907e+02
2.762628899275497361e+02
3.293537256975507148e+02
2.734340940031004834e+02
2.511316183782038820e+02
1.692214232427944012e+02
3.338126563922053265e+02
3.015174181408451659e+02
9.919226689013336795e+01
2.091487623235587989e+02
3.512188581064792743e+02
1.282225369591242838e+02
3.414541190146307486e+02
2.191075395419183565e+02
3.206832676473753168e+02
1.527764030362326650e+02
2.840592903665345261e+02
1.980111286406501279e+02
2.123194385214567035e+02
3.114969841482620154e+02
1.926679252058097802e+02
3.286473402528860674e+02
2.321822829983186125e+02
1.309325120399444131e+02
5.996192220728292455e+01
1.572082245689505839e+02
1.411468775496553576e+02
2.672837182974590178e+02
2.100167808694456255e+02
1.262561531544766353e+02
1.111612923668804171e+02
1.974192298962191217e+02
1.880892446916404879e+02
1.367110224002417169e+02
1.355819141169673401e+02
7.726197839124753841e+01
2.173618922468552626e+02
2.841775316571130361e+02
1.350015421271687899e+02
1.512039607034400888e+02
1.753865073601666609e+02
1.775520789677504467e+02
2.487267190908100929e+02
1.669454252515932637e+02
2.032759177842243332e+02
2.357632145242782826e+02
1.813812008122576174e+02
2.791591414164653884e+02
3.166297472856453510e+02
2.331987545962918489e+02
1.847361196449799650e+02
2.090024825065757454e+02
3.143252582145711926e+02
2.323397112507873601e+02
3.033191996716818153e+02
2.727776697921268578e+02
1.301539061344028880e+02
8.776161197762215238e+01
2.505694695468812654e+02
1.490511582757767997e+02
2.663824520515142353e+02
1.438685301955079012e+02
2.596913077281415099e+02
2.824774914657380123e+02
1.625114445321036669e+02
3.097678628953097473e+02
1.337857552994094590e+02
2.826915820706197451e+02
2.539416897547098131e+02
7.541797350858902860e+01
1.120318893567712593e+02
2.072045519387255581e+02
2.916887834367969958e+02
