-3.596190466099827745e+02
-3.596361096014525174e+02
-3.596531725929222603e+02
-3.596702355843920031e+02
-3.596872985758618029e+02
-3.597043615673315458e+02
-3.597214245588012886e+02
-3.597384875502710315e+02
-3.597555505417407744e+02
-3.597726135332105173e+02
-3.597896765246802602e+02
-3.598067395161500031e+02
-3.598238025076198028e+02
-3.598408654990895457e+02
-3.598579284905592885e+02
-3.598749914820290314e+02
-3.598920544734987743e+02
-3.599091174649685172e+02
-3.599261804564382601e+02
-3.599432434479080030e+02
-3.599603064393778027e+02
-3.599773694308475456e+02
-3.599944324223172885e+02
-3.600114954137870313e+02
-3.600285584052567742e+02
-3.600456213967265171e+02
-3.600626843881962600e+02
-3.600797473796660597e+02
-3.600968103711358026e+02
-3.601138733626055455e+02
-3.601309363540752884e+02
-3.601479993455450312e+02
-3.601650623370147741e+02
-3.601821253284845170e+02
-3.601991883199542599e+02
-3.602162513114240596e+02
-3.602333143028938025e+02
-3.602503772943635454e+02
-3.602674402858332883e+02
-3.602845032773030312e+02
-3.603015662687727740e+02
-3.603186292602425169e+02
-3.603356922517122598e+02
-3.603527552431820595e+02
-3.603698182346518024e+02
-3.603868812261215453e+02
-3.604039442175912882e+02
-3.604210072090610311e+02
-3.604380702005307739e+02
-3.604551331920005168e+02
-3.604721961834703166e+02
-3.604892591749400594e+02
-3.605063221664098023e+02
-3.605233851578795452e+02
-3.605404481493492881e+02
-3.605575111408190310e+02
-3.605745741322887739e+02
-3.605916371237585167e+02
-3.606087001152283165e+02
-3.606257631066980593e+02
-3.606428260981678022e+02
-3.606598890896375451e+02
-3.606769520811072880e+02
-3.606940150725770309e+02
-3.607110780640467738e+02
-3.607281410555165166e+02
-3.607452040469863164e+02
-3.607622670384560593e+02
-3.607793300299258021e+02
-3.607963930213955450e+02
-3.608134560128652879e+02
-3.608305190043350308e+02
-3.608475819958047737e+02
-3.608646449872745734e+02
-3.608817079787443163e+02
-3.608987709702140592e+02
-3.609158339616838020e+02
-3.609328969531535449e+02
-3.609499599446232878e+02
-3.609670229360930307e+02
-3.609840859275627736e+02
-3.610011489190325733e+02
-3.610182119105023162e+02
-3.610352749019720591e+02
-3.610523378934418020e+02
-3.610694008849115448e+02
-3.610864638763812877e+02
-3.611035268678510306e+02
-3.611205898593207735e+02
-3.611376528507905732e+02
-3.611547158422603161e+02
-3.611717788337300590e+02
-3.611888418251998019e+02
-3.612059048166695447e+02
-3.612229678081392876e+02
-3.612400307996090305e+02
-3.612570937910788302e+02
-3.612741567825485731e+02
-3.612912197740183160e+02
-3.613082827654880589e+02
-3.613253457569578018e+02
-3.613424087484275447e+02
-3.613594717398972875e+02
-3.613765347313670304e+02
-3.613935977228368301e+02
-3.614106607143065730e+02
-3.614277237057763159e+02
-3.614447866972460588e+02
-3.614618496887158017e+02
-3.614789126801855446e+02
-3.614959756716552874e+02
-3.615130386631250303e+02
-3.615301016545948301e+02
-3.615471646460645729e+02
-3.615642276375343158e+02
-3.615812906290040587e+02
-3.615983536204738016e+02
-3.616154166119435445e+02
-3.616324796034132874e+02
-3.616495425948830871e+02
-3.616666055863528300e+02
-3.616836685778225728e+02
-3.617007315692923157e+02
-3.617177945607620586e+02
-3.617348575522318015e+02
-3.617519205437015444e+02
-3.617689835351712873e+02
-3.617860465266410870e+02
-3.618031095181108299e+02
-3.618201725095805728e+02
-3.618372355010503156e+02
-3.618542984925200585e+02
-3.618713614839898014e+02
-3.618884244754595443e+02
-3.619054874669292872e+02
-3.619225504583990869e+02
-3.619396134498688298e+02
-3.619566764413385727e+02
-3.619737394328083155e+02
-3.619908024242780584e+02
-3.620078654157478013e+02
-3.620249284072175442e+02
-3.620419913986873439e+02
-3.620590543901570868e+02
-3.620761173816268297e+02
-3.620931803730965726e+02
-3.621102433645663154e+02
-3.621273063560360583e+02
-3.621443693475058012e+02
-3.621614323389755441e+02
-3.621784953304453438e+02
-3.621955583219150867e+02
-3.622126213133848296e+02
-3.622296843048545725e+02
-3.622467472963243154e+02
-3.622638102877940582e+02
-3.622808732792638011e+02
-3.622979362707335440e+02
-3.623149992622033437e+02
-3.623320622536730866e+02
-3.623491252451428295e+02
-3.623661882366125724e+02
-3.623832512280823153e+02
-3.624003142195520581e+02
-3.624173772110218010e+02
-3.624344402024916008e+02
-3.624515031939613436e+02
-3.624685661854310865e+02
-3.624856291769008294e+02
-3.625026921683705723e+02
-3.625197551598403152e+02
-3.625368181513100581e+02
-3.625538811427798009e+02
-3.625709441342496007e+02
-3.625880071257193435e+02
-3.626050701171890864e+02
-3.626221331086588293e+02
-3.626391961001285722e+02
-3.626562590915983151e+02
-3.626733220830680580e+02
-3.626903850745378008e+02
-3.627074480660076006e+02
-3.627245110574773435e+02
-3.627415740489470863e+02
-3.627586370404168292e+02
-3.627757000318865721e+02
-3.627927630233563150e+02
-3.628098260148260579e+02
-3.628268890062958576e+02
-3.628439519977656005e+02
-3.628610149892353434e+02
-3.628780779807050862e+02
-3.628951409721748291e+02
-3.629122039636445720e+02
-3.629292669551143149e+02
-3.629463299465840578e+02
-3.629633929380538575e+02
-3.629804559295236004e+02
-3.629975189209933433e+02
-3.630145819124630862e+02
-3.630316449039328290e+02
-3.630487078954025719e+02
-3.630657708868723148e+02
-3.630828338783420577e+02
-3.630998968698118574e+02
-3.631169598612816003e+02
-3.631340228527513432e+02
-3.631510858442210861e+02
-3.631681488356908289e+02
-3.631852118271605718e+02
-3.632022748186303147e+02
-3.632193378101001144e+02
-3.632364008015698573e+02
-3.632534637930396002e+02
-3.632705267845093431e+02
-3.632875897759790860e+02
-3.633046527674488289e+02
-3.633217157589185717e+02
-3.633387787503883146e+02
-3.633558417418581143e+02
-3.633729047333278572e+02
-3.633899677247976001e+02
-3.634070307162673430e+02
-3.634240937077370859e+02
-3.634411566992068288e+02
-3.634582196906765716e+02
-3.634752826821463145e+02
-3.634923456736161143e+02
-3.635094086650858571e+02
-3.635264716565556000e+02
-3.635435346480253429e+02
-3.635605976394950858e+02
-3.635776606309648287e+02
-3.635947236224345716e+02
-3.636117866139043713e+02
-3.636288496053741142e+02
-3.636459125968438570e+02
-3.636629755883135999e+02
-3.636800385797833428e+02
-3.636971015712530857e+02
-3.637141645627228286e+02
-3.637312275541925715e+02
-3.637482905456623712e+02
-3.637653535371321141e+02
-3.637824165286018570e+02
-3.637994795200715998e+02
-3.638165425115413427e+02
-3.638336055030110856e+02
-3.638506684944808285e+02
-3.638677314859505714e+02
-3.638847944774203711e+02
-3.639018574688901140e+02
-3.639189204603598569e+02
-3.639359834518295997e+02
-3.639530464432993426e+02
-3.639701094347690855e+02
-3.639871724262388284e+02
-3.640042354177086281e+02
-3.640212984091783710e+02
-3.640383614006481139e+02
-3.640554243921178568e+02
-3.640724873835875997e+02
-3.640895503750573425e+02
-3.641066133665270854e+02
-3.641236763579968283e+02
-3.641407393494666280e+02
-3.641578023409363709e+02
-3.641748653324061138e+02
-3.641919283238758567e+02
-3.642089913153455996e+02
-3.642260543068153424e+02
-3.642431172982850853e+02
-3.642601802897548282e+02
-3.642772432812246279e+02
-3.642943062726943708e+02
-3.643113692641641137e+02
-3.643284322556338566e+02
-3.643454952471035995e+02
-3.643625582385733424e+02
-3.643796212300430852e+02
-3.643966842215128281e+02
-3.644137472129826278e+02
-3.644308102044523707e+02
-3.644478731959221136e+02
-3.644649361873918565e+02
-3.644819991788615994e+02
-3.644990621703313423e+02
-3.645161251618010851e+02
-3.645331881532708849e+02
-3.645502511447406278e+02
-3.645673141362103706e+02
-3.645843771276801135e+02
-3.646014401191498564e+02
-3.646185031106195993e+02
-3.646355661020893422e+02
-3.646526290935590850e+02
-3.646696920850288848e+02
-3.646867550764986277e+02
-3.647038180679683705e+02
-3.647208810594381134e+02
-3.647379440509078563e+02
-3.647550070423775992e+02
-3.647720700338473421e+02
-3.647891330253171418e+02
-3.648061960167868847e+02
-3.648232590082566276e+02
-3.648403219997263704e+02
-3.648573849911961133e+02
-3.648744479826658562e+02
-3.648915109741355991e+02
-3.649085739656053420e+02
-3.649256369570751417e+02
-3.649426999485448846e+02
-3.649597629400146275e+02
-3.649768259314843704e+02
-3.649938889229541132e+02
-3.650109519144238561e+02
-3.650280149058935990e+02
-3.650450778973633419e+02
-3.650621408888331416e+02
-3.650792038803028845e+02
-3.650962668717726274e+02
-3.651133298632423703e+02
-3.651303928547121131e+02
-3.651474558461818560e+02
-3.651645188376515989e+02
-3.651815818291213418e+02
-3.651986448205911415e+02
-3.652157078120608844e+02
-3.652327708035306273e+02
-3.652498337950003702e+02
-3.652668967864701131e+02
-3.652839597779398559e+02
-3.653010227694095988e+02
-3.653180857608793985e+02
-3.653351487523491414e+02
-3.653522117438188843e+02
-3.653692747352886272e+02
-3.653863377267583701e+02
-3.654034007182281130e+02
-3.654204637096978558e+02
-3.654375267011675987e+02
-3.654545896926373985e+02
-3.654716526841071413e+02
-3.654887156755768842e+02
-3.655057786670466271e+02
-3.655228416585163700e+02
-3.655399046499861129e+02
-3.655569676414558558e+02
-3.655740306329256555e+02
-3.655910936243953984e+02
-3.656081566158651412e+02
-3.656252196073348841e+02
-3.656422825988046270e+02
-3.656593455902743699e+02
-3.656764085817441128e+02
-3.656934715732138557e+02
-3.657105345646836554e+02
-3.657275975561533983e+02
-3.657446605476231412e+02
-3.657617235390928840e+02
-3.657787865305626269e+02
-3.657958495220323698e+02
-3.658129125135021127e+02
-3.658299755049718556e+02
-3.658470384964416553e+02
-3.658641014879113982e+02
-3.658811644793811411e+02
-3.658982274708508839e+02
-3.659152904623206268e+02
-3.659323534537903697e+02
-3.659494164452601126e+02
-3.659664794367298555e+02
-3.659835424281996552e+02
-3.660006054196693981e+02
-3.660176684111391410e+02
-3.660347314026088839e+02
-3.660517943940786267e+02
-3.660688573855483696e+02
-3.660859203770181125e+02
-3.661029833684879122e+02
-3.661200463599576551e+02
-3.661371093514273980e+02
-3.661541723428971409e+02
-3.661712353343668838e+02
-3.661882983258366266e+02
-3.662053613173063695e+02
-3.662224243087761124e+02
-3.662394873002459121e+02
-3.662565502917156550e+02
-3.662736132831853979e+02
-3.662906762746551408e+02
-3.663077392661248837e+02
-3.663248022575946266e+02
-3.663418652490643694e+02
-3.663589282405341692e+02
-3.663759912320039120e+02
-3.663930542234736549e+02
-3.664101172149433978e+02
-3.664271802064131407e+02
-3.664442431978828836e+02
-3.664613061893526265e+02
-3.664783691808223693e+02
-3.664954321722921691e+02
-3.665124951637619120e+02
-3.665295581552316548e+02
-3.665466211467013977e+02
-3.665636841381711406e+02
-3.665807471296408835e+02
-3.665978101211106264e+02
-3.666148731125803693e+02
-3.666319361040501690e+02
-3.666489990955199119e+02
-3.666660620869896547e+02
-3.666831250784593976e+02
-3.667001880699291405e+02
-3.667172510613988834e+02
-3.667343140528686263e+02
-3.667513770443383692e+02
-3.667684400358081689e+02
-3.667855030272779118e+02
-3.668025660187476547e+02
-3.668196290102173975e+02
-3.668366920016871404e+02
-3.668537549931568833e+02
-3.668708179846266262e+02
-3.668878809760964259e+02
-3.669049439675661688e+02
-3.669220069590359117e+02
-3.669390699505056546e+02
-3.669561329419753974e+02
-3.669731959334451403e+02
-3.669902589249148832e+02
-3.670073219163846261e+02
-3.670243849078544258e+02
-3.670414478993241687e+02
-3.670585108907939116e+02
-3.670755738822636545e+02
-3.670926368737333974e+02
-3.671096998652031402e+02
-3.671267628566728831e+02
-3.671438258481426828e+02
-3.671608888396124257e+02
-3.671779518310821686e+02
-3.671950148225519115e+02
-3.672120778140216544e+02
-3.672291408054913973e+02
-3.672462037969611401e+02
-3.672632667884308830e+02
-3.672803297799006828e+02
-3.672973927713704256e+02
-3.673144557628401685e+02
-3.673315187543099114e+02
-3.673485817457796543e+02
-3.673656447372493972e+02
-3.673827077287191401e+02
-3.673997707201888829e+02
-3.674168337116586827e+02
-3.674338967031284255e+02
-3.674509596945981684e+02
-3.674680226860679113e+02
-3.674850856775376542e+02
-3.675021486690073971e+02
-3.675192116604771400e+02
-3.675362746519468828e+02
-3.675533376434166826e+02
-3.675704006348864255e+02
-3.675874636263561683e+02
-3.676045266178259112e+02
-3.676215896092956541e+02
-3.676386526007653970e+02
-3.676557155922351399e+02
-3.676727785837049396e+02
-3.676898415751746825e+02
-3.677069045666444254e+02
-3.677239675581141682e+02
-3.677410305495839111e+02
-3.677580935410536540e+02
-3.677751565325233969e+02
-3.677922195239931398e+02
-3.678092825154629395e+02
-3.678263455069326824e+02
-3.678434084984024253e+02
-3.678604714898721681e+02
-3.678775344813419110e+02
-3.678945974728116539e+02
-3.679116604642813968e+02
-3.679287234557511965e+02
-3.679457864472209394e+02
-3.679628494386906823e+02
-3.679799124301604252e+02
-3.679969754216301681e+02
-3.680140384130999109e+02
-3.680311014045696538e+02
-3.680481643960393967e+02
-3.680652273875091964e+02
-3.680822903789789393e+02
-3.680993533704486822e+02
-3.681164163619184251e+02
-3.681334793533881680e+02
-3.681505423448579108e+02
