-3.981866207315835027e+02
-4.439047549068239391e+02
-3.410828612988302666e+02
-3.227589631871801430e+02
-2.181455394749782499e+02
-2.695591702927367805e+02
-3.062831491076188968e+02
-3.242895240851219683e+02
-4.303497748625795793e+02
-2.429614007833035600e+02
-3.306955007754999087e+02
-3.346977729675724049e+02
-3.790304360087403097e+02
-3.890590292366954941e+02
-4.424786810238155681e+02
-2.021110569781743891e+02
-4.954666663271908078e+02
-4.731931699727251157e+02
-2.544802509342585495e+02
-2.671759764404367274e+02
-4.150420957912779159e+02
-2.142299187980738964e+02
-4.108815733705533262e+02
-5.011904493870055148e+02
-4.616907554628580783e+02
-4.264199584410322927e+02
-4.091303027581092238e+02
-4.335230005589816074e+02
-4.070860888838512892e+02
-3.229204332399864938e+02
-3.356182723053435666e+02
-3.631712396039099531e+02
-4.234937711916680314e+02
-4.179092605115994274e+02
-3.286664321765422301e+02
-4.556132724839541197e+02
-3.445216492980383691e+02
-3.166546695111896952e+02
-3.343584606734489171e+02
-3.457120379359615185e+02
-3.153307433611628312e+02
-2.965160642855235551e+02
-2.870238655857560843e+02
-3.013720331675484658e+02
-3.861734638478976649e+02
-3.762480360079036359e+02
-2.677500569204779595e+02
-3.602359074025094401e+02
-1.669783367235003482e+02
-4.411584295088090926e+02
-3.036476515256924813e+02
-3.474833445721463363e+02
-3.446849830250131959e+02
-3.504674506422825289e+02
-2.748385647342881839e+02
-4.407671821707016306e+02
-3.227675341742777277e+02
-4.048402630043154318e+02
-3.133657262037652913e+02
-4.038381441205265219e+02
-3.909530094123128379e+02
-4.137519314062077456e+02
-3.726580549926703156e+02
-3.924111770557117325e+02
-2.412686270143870217e+02
-3.858337779514459953e+02
-2.929216509468371328e+02
-4.826462633669980278e+02
-2.964445520896257449e+02
-3.306774512140788147e+02
-2.446226032264748653e+02
-2.780468907478439746e+02
-3.225259910944135981e+02
-2.802081593734278613e+02
-2.719109770029266429e+02
-4.594595967746366796e+02
-4.487405683143193187e+02
-4.474869378451876401e+02
-4.873988270134394725e+02
-4.150670637726047971e+02
-3.116107343008159773e+02
-5.606118470834538812e+02
-4.340769715832361726e+02
-6.014722764857793891e+02
-5.215113895273879052e+02
-5.415882566995978777e+02
-4.734468771635180815e+02
-2.923778907304854329e+02
-7.610964871632656923e+02
-3.611161497860253462e+02
-3.616948183333506108e+02
-4.343992969800976311e+02
-3.742601535912702388e+02
-5.321753060601054131e+02
-5.410566765413778967e+02
-3.041933620886617859e+02
-4.170277211125693384e+02
-4.030692515759416210e+02
-4.250255206170213000e+02
-4.058314047561095208e+02
-4.217838539990908657e+02
-2.201909941756931630e+02
-3.538859580579011777e+02
-3.781598378401836271e+02
-3.525054169051425106e+02
-3.093189105014183724e+02
-4.182944337201854523e+02
-3.586098318629419168e+02
-4.791496401771094042e+02
-4.293285954095587726e+02
-2.639307828645391396e+02
-3.411723678309162437e+02
-4.097722143556687229e+02
-4.800806606048889194e+02
-2.334498854836409976e+02
-3.270751470604242286e+02
-2.068619301213706194e+02
-4.712399324095331963e+02
-5.435280367532659511e+02
-3.054206647001482224e+02
-2.572264486979104845e+02
-2.494487761811529651e+02
-3.476493810369300945e+02
-2.158362720171568867e+02
-4.185077738616990359e+02
-2.741249217442860413e+02
-3.304341428602028259e+02
-1.047385151984350102e+02
-1.604143899883335109e+02
-2.412388217494234084e+02
-2.195203058817554904e+02
-5.027465399978046321e+02
-3.071415154345813221e+02
-3.277359043652948003e+02
-1.367133326534724063e+02
-4.178271576576832445e+02
-2.704314948791534334e+02
-5.547965296433827689e+02
-1.788278962592486891e+02
-2.649640024203384314e+02
-2.477014983945247195e+02
-1.856194841275949159e+02
-2.009590378816206169e+02
-1.582964959933639761e+02
-2.533997222886705458e+02
-2.332698526988990011e+02
-2.228886957614886910e+02
-4.495138470760922473e+02
-5.773438724122073609e+02
-3.752784751864314785e+02
-4.753942613445256598e+02
-3.838585405229611069e+02
-2.745591722091916154e+02
-3.371201201140028161e+02
-5.610197162068227499e+02
-3.459414851187681847e+02
-3.755045114274904563e+02
-2.639706184598841219e+02
-4.186189328872185342e+02
-4.580484577442015279e+02
-3.317221362263264268e+02
-2.262374823129722472e+02
-8.275752645968277932e+01
-2.375463575927627176e+02
-3.599267865194552201e+02
-1.505809661967751936e+02
-2.285295852122638394e+02
-2.848333665845148062e+02
-4.568912244815157919e+02
-5.731399905148626885e+02
-3.668388698690189926e+02
-2.524697038138406526e+02
-3.854481410498297578e+02
-3.568217833248643274e+02
-4.378400424543544318e+02
-5.507197294520781270e+02
-3.354074911060624800e+02
-3.331848432629029162e+02
-4.990407397971945898e+02
-3.584952521612116811e+02
-3.265491861387646964e+02
-2.859271926753281150e+02
-4.632163207687619888e+02
-5.009576207733897490e+02
-3.441633954470015055e+02
-2.746861955319745903e+02
-5.115441071897175789e+02
-4.119142908329044417e+02
-4.840607344116255035e+02
-4.695067515951236032e+02
-2.569620194825906196e+02
-3.709030130158963061e+02
-3.702040809844089040e+02
-4.038653427229690465e+02
-2.771362808296172489e+02
-3.255030279875347219e+02
-3.536710181130348474e+02
-4.046462814111004036e+02
-4.897147774067975661e+02
-3.941747698621034033e+02
-3.110990610410233899e+02
-3.824182137463679965e+02
-3.429937054134423988e+02
-3.358598634819754807e+02
-3.158831422414862118e+02
-3.180685795206915714e+02
-2.735739826815131437e+02
-3.925303797785364850e+02
-4.350847258674457407e+02
-3.182706986680642558e+02
-2.774659521234401609e+02
-3.301845716923879763e+02
-2.510708648935348890e+02
-5.224708735445169623e+02
-4.160009936642846355e+02
-3.343977565327462571e+02
-3.521943479564980066e+02
-4.520385941878314497e+02
-4.403825762668887478e+02
-4.207418605990974925e+02
-3.748600690719734985e+02
-2.974986884445699502e+02
-3.083628310476601087e+02
-3.262168650400504930e+02
-3.487700830743123106e+02
-3.320869403060063405e+02
-3.334887997000449786e+02
-1.962638794182376785e+02
-3.400359332028828590e+02
-3.970382206283733240e+02
-3.024760141833180001e+02
-4.779215444866573534e+02
-3.964318592375562957e+02
-3.715333352369046338e+02
-4.647419864182483593e+02
-4.629721608895997065e+02
-2.313027064095662126e+02
-4.091161424256681016e+02
-4.628335155677336274e+02
-3.520398138571081859e+02
-4.357871703575657989e+02
-4.633865274212156464e+02
-4.026242235309061925e+02
-4.212698964725940982e+02
-3.780090397848156272e+02
-4.370497521507336955e+02
-4.523058103861538939e+02
-3.928427264482871806e+02
-3.981438795242012247e+02
-4.965205177917072206e+02
-4.747526061512326692e+02
-2.412605494755538302e+02
-3.735461631263792128e+02
-3.642915616516448267e+02
-3.060495767949367405e+02
-2.965741739847991880e+02
-5.349956921737605171e+02
-4.109823399783413151e+02
-2.459014722661297299e+02
-2.751008872565659544e+02
-5.479680392177696149e+02
-4.453158195301289766e+02
-5.544423198959395904e+02
-2.557843623946693583e+02
-3.927382486207031320e+02
-2.093171540134681834e+02
-2.811409084588491964e+02
-2.103816587173151333e+02
-3.382927644409931531e+02
-4.781881210638707103e+02
-3.187854590819430882e+02
-4.902106368570460972e+02
-5.965990019965873898e+02
-4.836040290036639817e+02
-3.622156793201253322e+02
-2.808124618728228370e+02
-2.084216255872051420e+02
-3.098815865713150970e+02
-2.837344692976306533e+02
-3.463949912267955824e+02
-4.025146772044538466e+02
-1.440503334129800237e+02
-2.594929417816124442e+02
-3.196129979675471873e+02
-4.094607657814925687e+02
-2.522379480914648013e+02
-4.112739856571548103e+02
-2.152964317624350770e+02
-3.359596299317075818e+02
-3.248834519643565386e+02
-5.100739924874472422e+02
-2.663450698850788854e+02
-3.436061055376750915e+02
-3.492046915252130930e+02
-4.673961625694095119e+02
-3.729014147795548979e+02
-3.477250479572782069e+02
-2.533542382221316984e+02
-3.124107906898837541e+02
-3.838798722128557870e+02
-3.335370457251826224e+02
-3.136963298364488537e+02
-2.547855494180614073e+02
-3.699376576806925527e+02
-4.380074057832139829e+02
-4.831249919401005286e+02
-3.081916973578650527e+02
-2.829215803244115364e+02
-3.214974801979706172e+02
-2.951494086084691730e+02
-3.549088180582974132e+02
-3.730536051276840226e+02
-3.766187331063368333e+02
-2.948390187762860251e+02
-3.649133305994212719e+02
-4.287150173219446287e+02
-4.922410322825868434e+02
-4.261626739406266893e+02
-3.238872802360457399e+02
-3.767989388886147708e+02
-3.074023510208640459e+02
-3.511485204744692510e+02
-3.739067973123001707e+02
-4.502626450879283198e+02
-4.220716874281428659e+02
-3.647234280114082594e+02
-4.641934923312249452e+02
-4.353315574417908920e+02
-4.536018048028873864e+02
-4.693240224856155578e+02
-3.586610779533368714e+02
-3.522466538186145044e+02
-3.775962497946580356e+02
-3.438266800272058390e+02
-3.771906773349140849e+02
-3.141118011567197641e+02
-4.782520189073709957e+02
-2.947911517465682323e+02
-3.420626989524691908e+02
-3.400949907577148110e+02
-2.987636956948344960e+02
-3.172314403479239218e+02
-3.996356015738292626e+02
-4.667214137977097153e+02
-3.919663514472987913e+02
-3.512077575191417509e+02
-3.976933024878669585e+02
-3.389454591847679694e+02
-4.065940205363684186e+02
-3.609845174474387477e+02
-4.054162312157104111e+02
-5.276974008352394776e+02
-4.480867199108234900e+02
-2.869565941110171821e+02
-3.004294801516545022e+02
-4.229870693025858372e+02
-2.494767682085803244e+02
-3.462161538871446282e+02
-3.124467321866624161e+02
-3.464351066436930182e+02
-4.344142748248954717e+02
-3.945419708026414582e+02
-3.081090933451623641e+02
-3.051728552718425362e+02
-4.215466466140264856e+02
-3.469614080556096951e+02
-3.255702043914329806e+02
-2.876145523938084239e+02
-4.643826344046090071e+02
-3.799692639209691833e+02
-3.378825146197180516e+02
-3.141770426438149570e+02
-3.943400826480523165e+02
-4.096100938966300191e+02
-4.338262433236864126e+02
-4.218916064941997206e+02
-3.638626533773906999e+02
-4.667258400680221371e+02
-3.435519896737346812e+02
-2.804615353643583262e+02
-2.681519011233344258e+02
-4.724335581880248469e+02
-3.097884801972716673e+02
-2.910783122296366514e+02
-4.119996535799743924e+02
-2.612906911475391780e+02
-4.075886467633325196e+02
-3.542436134241880836e+02
-2.685678100134486499e+02
-2.726877848426500464e+02
-3.797530940434204467e+02
-2.778214669311776674e+02
-4.704375636603216435e+02
-3.121450194235736717e+02
-3.195499803754761956e+02
-3.724001143553281850e+02
-2.815615101128288984e+02
-3.107451627407100432e+02
-4.310243220945684470e+02
-3.986415727777745133e+02
-3.826743026497097730e+02
-3.947500623071869086e+02
-4.933587099477081779e+02
-5.404154609371133802e+02
-4.383410390127019696e+02
-4.254718346875312136e+02
-3.920029242490260231e+02
-3.411643045383434014e+02
-3.826400265578726021e+02
-3.671607398624076950e+02
-4.391473967183683840e+02
-3.994234595457929800e+02
-3.244465647084932698e+02
-3.014896913220034094e+02
-3.233077162549174659e+02
-4.235282298667643772e+02
-4.415117819687384895e+02
-3.441104807604953635e+02
-3.637545005228410560e+02
-3.205896520795014339e+02
-4.585019723179515836e+02
-3.701711173280091316e+02
-4.555100138970431658e+02
-3.752854671739073638e+02
-2.908519420073767492e+02
-3.430143139497859579e+02
-2.884775949908369626e+02
-3.910815404077646917e+02
-4.844412080878475990e+02
-4.918552870971901143e+02
-4.508181265092788976e+02
-4.344942070695744292e+02
-3.370976997232271515e+02
-4.467906001737631527e+02
-4.359768148024060110e+02
-2.349845688775261294e+02
-3.332012202220784047e+02
-3.702360179624447483e+02
-3.397983426619978786e+02
-4.256438366541354412e+02
-4.048577115857884792e+02
-3.901351601088530288e+02
-3.099779850657911879e+02
-4.588355765822013836e+02
-3.473895730479935082e+02
-3.632523822983553714e+02
-4.487610345150411035e+02
-3.722439980317390109e+02
-3.648551724194182952e+02
-3.200769953658745521e+02
-3.498884655680982974e+02
-4.067523092925399055e+02
-3.418327577103175372e+02
-2.768501030468288491e+02
-3.496273747677919346e+02
-4.017448747461353946e+02
-3.554013805291975814e+02
-3.408023846782587043e+02
-4.128055901836486896e+02
-4.532594220259133522e+02
-4.282460906193291521e+02
-4.317135213595298069e+02
-1.821218411469408807e+02
-3.009049515490722229e+02
-4.003742546061783401e+02
-3.801942101287211244e+02
-3.448788467358312460e+02
-2.949198131550627977e+02
-4.585256354232210469e+02
-3.334072723566197283e+02
-3.854201653467908386e+02
-2.960454597513475505e+02
-2.881890590311314782e+02
-4.331396866138818496e+02
-4.061089212275235809e+02
-2.984958948123671689e+02
-4.093110150770671680e+02
-2.963855525046506614e+02
-3.396632892223353792e+02
-3.921183690838516895e+02
-3.271912581079348570e+02
-3.871120341046100179e+02
-3.747367232770592977e+02
-3.395174774629434182e+02
-3.254501705169138290e+02
-2.851858146173145769e+02
-4.600930871220843983e+02
-2.895882233407511990e+02
-3.840310759208547324e+02
-4.437517334831331368e+02
-3.201179957426162446e+02
-2.704890596941737044e+02
-2.834509591548563776e+02
-2.992284827859038501e+02
-3.817637164184739049e+02
-2.236803239063925162e+02
-3.534970413077913918e+02
-3.896236403997743309e+02
-3.944440952724834233e+02
-3.783593745180739347e+02
-4.136691393783588069e+02
